2 3472481058.816
4 3495029637.120
6 3516504473.600
8 3534758084.608
12 3580928983.040
16 3629247365.120
24 3722662903.808
32 3805341024.256
40 3894461595.648
48 3984655908.864
56 4064112803.840
64 4162897051.648
72 4252017623.040
80 4338990710.784
88 4420595089.408
96 4512936886.272
104 4607426166.784
112 4692251770.880
120 4777077374.976
128 4879082848.256
136 4964982194.176
144 5043365347.328
152 5135707144.192
160 5237712617.472
168 5296768417.792
176 5410585051.136
184 5506148073.472
192 5608153546.752
200 5688684183.552
208 5783173464.064
216 5856187908.096
224 5943160995.840
232 6048387694.592
240 6151466909.696
248 6238439997.440
256 6279242186.752
264 6404869980.160
268 6456409587.712
272 6495064293.376
