2 5546950262.784
4 5666135605.248
6 5789615915.008
8 5909874999.296
12 6152540651.520
16 6394132561.920
24 6876242640.896
32 7358352719.872
40 7846905249.792
48 8329015328.768
56 8812199149.568
64 9296456712.192
72 9772124340.224
80 10261750611.968
88 10736344498.176
96 10995116277.760
104 12094627905.536
112 12094627905.536
120 13194139533.312
128 13194139533.312
136 13194139533.312
144 14293651161.088
152 14293651161.088
160 15393162788.864
168 15393162788.864
176 16492674416.640
184 16492674416.640
192 16492674416.640
200 17592186044.416
208 17592186044.416
216 18691697672.192
224 18691697672.192
232 19791209299.968
240 19791209299.968
248 20890720927.744
256 20890720927.744
264 20890720927.744
268 21990232555.520
272 21990232555.520
