2 5666135605.248
4 5904506290.176
6 6146098200.576
8 6384468885.504
12 6863357739.008
16 7340099108.864
24 8295729332.224
32 9248138330.112
40 10213432229.888
48 10995116277.760
56 12094627905.536
64 13194139533.312
72 14293651161.088
80 15393162788.864
88 16492674416.640
96 16492674416.640
104 17592186044.416
112 18691697672.192
120 19791209299.968
128 20890720927.744
136 21990232555.520
144 23089744183.296
152 24189255811.072
160 24189255811.072
168 25288767438.848
176 26388279066.624
184 27487790694.400
192 28587302322.176
200 29686813949.952
208 30786325577.728
216 5428838662.144
224 5428838662.144
232 5428838662.144
240 5428838662.144
248 5428838662.144
256 5428838662.144
264 5428838662.144
268 5429912403.968
272 5429912403.968
