2 3492882153.472
4 3533684342.784
6 3572339048.448
8 3609920012.288
12 3695819358.208
16 3773128769.536
24 3932042559.488
32 4086661382.144
40 4258460073.984
48 4416300122.112
56 4578435137.536
64 4738422669.312
72 4899483942.912
80 5070208892.928
88 5245228810.240
96 5384815247.360
104 5571646324.736
112 5747739983.872
120 5867999068.160
128 6075231240.192
136 6207301484.544
144 6385542627.328
152 6546603900.928
160 6719476334.592
168 6879463866.368
176 7028713979.904
184 7200512671.744
192 7361573945.344
200 7554847473.664
208 7723424940.032
216 7854421442.560
224 8055211163.648
232 8213051211.776
240 8353711390.720
248 8527657566.208
256 8700529999.872
264 8888434819.072
268 8990440292.352
272 9036611190.784
